experiment_id,repetition,timestamp,run_time
27e12b2b-ec36-435e-8805-5613e814696f,0,1664193312,0
27e12b2b-ec36-435e-8805-5613e814696f,1,1664193312,0
27e12b2b-ec36-435e-8805-5613e814696f,2,1664193313,0
27e12b2b-ec36-435e-8805-5613e814696f,3,1664193313,0
27e12b2b-ec36-435e-8805-5613e814696f,4,1664193313,0
27e12b2b-ec36-435e-8805-5613e814696f,5,1664193313,0
27e12b2b-ec36-435e-8805-5613e814696f,6,1664193313,0
27e12b2b-ec36-435e-8805-5613e814696f,7,1664193313,0
27e12b2b-ec36-435e-8805-5613e814696f,8,1664193313,0
27e12b2b-ec36-435e-8805-5613e814696f,9,1664193313,0
467834d6-7ad0-486c-94db-151f89d3c024,0,1664193313,0
467834d6-7ad0-486c-94db-151f89d3c024,1,1664193313,0
467834d6-7ad0-486c-94db-151f89d3c024,2,1664193313,0
467834d6-7ad0-486c-94db-151f89d3c024,3,1664193313,0
467834d6-7ad0-486c-94db-151f89d3c024,4,1664193313,0
467834d6-7ad0-486c-94db-151f89d3c024,5,1664193313,0
467834d6-7ad0-486c-94db-151f89d3c024,6,1664193314,0
467834d6-7ad0-486c-94db-151f89d3c024,7,1664193314,0
467834d6-7ad0-486c-94db-151f89d3c024,8,1664193314,0
467834d6-7ad0-486c-94db-151f89d3c024,9,1664193314,0
